1 120.417091 251.298920 0
2 126.949699 208.588943 0
3 121.463272 180.945572 0
4 121.662270 167.931305 0
5 122.127792 125.228226 0
6 125.083443 110.817543 5
7 122.884216 56.163311 21
8 120.986580 108.345879 6
9 123.595573 82.497162 19
10 124.167244 91.981819 16
11 131.830643 92.422714 14
12 134.587082 149.749222 0
13 133.031982 127.427460 3
14 124.408447 94.664764 13
15 123.583351 102.120491 9
16 159.672287 107.883110 5
17 122.039383 6.062497 21
18 136.506149 142.931503 0
19 139.866013 145.552612 0
20 128.643188 37.651939 21
21 134.533051 70.593521 21
22 141.005707 95.067329 13
23 141.107712 91.935562 14
24 134.654648 53.047249 21
25 123.924225 90.068542 13
26 133.117203 46.733540 21
27 138.342682 51.652561 21
28 134.257767 93.011673 15
29 124.583183 137.593567 0
30 126.209862 58.792870 20
31 127.779671 63.566689 20
32 136.838821 69.106697 19
33 135.042068 28.577848 21
34 136.526001 31.946077 21
35 135.456879 1.913236 21
36 128.464447 6.649512 21
37 132.927795 91.257301 13
38 131.627792 67.046654 19
39 134.413086 33.573147 21
40 126.493713 -40.643250 21
41 130.123001 25.293533 21
42 129.107712 90.981995 15
43 119.573822 31.657942 21
44 124.540649 40.744953 21
45 121.462143 70.453056 21
46 134.688614 62.997639 21
47 125.048256 88.078819 17
48 129.156647 67.976677 20
49 128.311661 -36.399536 21
50 135.987976 23.489340 21
